image_width: 640
image_height: 480
camera_name: "cam1"
camera_matrix:
  rows: 3
  cols: 3
  data: [604.122802734375, 0.0, 327.40875244140625, 0.0, 603.847900390625, 244.95323181152344, 0.0, 0.0, 1.0]
distortion_model: "plumb_bob"
distortion_coefficients:
  rows: 1
  cols: 5
  data: [0.0, 0.0, 0.0, 0.0, 0.0]
rectification_matrix:
  rows: 3
  cols: 3
  data: [1.0, 0.0, 0.0, 0.0, 1.0, 0.0, 0.0, 0.0, 1.0]
projection_matrix:
  rows: 3
  cols: 4
  data: [604.122802734375, 0.0, 327.40875244140625, 0.0, 0.0, 603.847900390625, 244.95323181152344, 0.0, 0.0, 0.0, 1.0, 0.0]
