image_width: 640
image_height: 480
camera_name: "cam2"
camera_matrix:
  rows: 3
  cols: 3
  data: [607.4058837890625, 0.0, 325.59991455078125, 0.0, 607.5341186523438, 247.25904846191406, 0.0, 0.0, 1.0]
distortion_model: "plumb_bob"
distortion_coefficients:
  rows: 1
  cols: 5
  data: [0.19551624357700348, -0.5865326523780823, -0.002620677463710308, 0.0008374004391953349, 0.5133219957351685]
rectification_matrix:
  rows: 3
  cols: 3
  data: [1.0, 0.0, 0.0, 0.0, 1.0, 0.0, 0.0, 0.0, 1.0]
projection_matrix:
  rows: 3
  cols: 4
  data: [607.4058837890625, 0.0, 325.59991455078125, 0.0, 0.0, 607.5341186523438, 247.25904846191406, 0.0, 0.0, 0.0, 1.0, 0.0]
